0101001110100000010001110110011110011101100101010010111100011101100111100111011001010100101110010101101011011010010001100000111011110100000011100110101000110111100001000001010001101110111010000001000111011001111001110110010101001011110001110110011110011101100101010010111001010110101110011001101111100010001100010001110110011110011101100101010010111100011101100111100111011001010100101110010101101011011010010001100000111011110100000011100110101000110111100001000001010001101110111010000001000111011001111001110110010101001011110001110110011110011101100101010010111001010110101110011001101111100010001101
0101001110100000010001110110011110011101100101010010111100011101100111100111011001010100101110010101101011011010010001100000111011110100000011100110101000110111100001000001010001101110111010000001000111011001111001110110010101001011110001110110011110011101100101010010111001010110101110011001101111100010001100000111011110100000011100110101000110111100001000001010001101110111010000001000111011001111001110110010101001011110001110110011110011101100101010010111001010110101110011001101111100010001110
010100111010000001000111011001111001110110010101001011110001110110011110011101100101010010111001010110101101101001000110000011101111010000001110011010100011011110000100000101000110111011101000000100011101100111100111011001010100101111000111011001111001110110010101001011100101011010111001100110010001101110110001101110111010000001000111011001111001110110010101001011110001110110011110011101100101010010111001010110101110011001100100011011101110
0101001110100000010001110110011110011101100101010010111100011101100111100111011001010100101110010101101011011010010001100000111011110100000011100110101000110111100001000001010001101110111010000001000111011001111001110110010101001011110001110110011110011101100101010010111001010110101110011001101111100011100111011001010100101110010101101011011010010001100000111011110100000011100110101000110111100001000001010001101110111010000001000111011001111001110110010101001011110001110110011110011101100101010010111001010110101110011001101111100010001100
01010011101000000100011101100111100111011001010100101111000111011001111001110110010101001011100101011010110110100100011000001110111101000000111001101010001101111000010000010100011011101110100000010001110110011110011101100101010010111100011101100111100111011001010100101110010101101011100110011001000110111011101010010111001010110101110011001100100011011101110
01010011101000000100011101100111100111011001010100101111000111011001111001110110010101001011100101011010110110100100011000001110111101000000111001101010001101111000010000010100011011001110100000010001110110011110011101100101010010111100011101100111100111011001010100101110010101101011011010010001100000111011110100000011100110101000110111100001000001010001101110111010000001000111011001111001110110010101001011110001110110011110011101100101010010111001010110101110011101101001000110000011
010100111010000001000111011001111001110110010101001011110001110110011110011101100101010010111001010110101101101001000110000011101111010000001110011010100011011110000100000101000110111011101000000100011101100111100111011001010100101111000111011001111001110110010101001011100101011010111001100111011001111001110110010101001011110001110110011110011101100101010010111001010110101110011001100100011011110010
010100111010000001000111011001111001110110010101001011110001110110011110011101100101010010111001010110101101101001000110000011101111010000001110011010100011011110000100000101000110111011101000000100011101100111100111011001010100101111000111011001111001110110010101001011100101011010110100011101100101101000110001100000111011110100000011100110101000110111100001000001010001101110111010000001000111011001111001110110010101001011110001110110011110011101100101010010111001010110101101000111011001011010001110
0101001110100000010001110110011110011101100101010010111100011101100111100111011001010100101110010101101011011010010001100000111011110100000011100110101000110111100001000001010001101110111010000001000111011001111001110110010101001011110001110110011110011101100101010010111001010110101110011001101101001011110001110110011110011101100101010010111001010110101110011001101111100010001100
01010011101000000100011101100111100111011001010100101111000111011001111001110110010101001011100101011010110110100100011000001110111101000000111001101010001101111000010000010100011011101110100000010001110110011110011101100101010010111100011101100111100111011001010100101110010101101011100110011000011101100111100111011001010100101110010101101011011010010001100000111011110100000011100110101000110111100001000001010001101110111010000001000111011001111001110110010101001011110001110110011110011101100101010010111001010110101110011001100010101010010111
010100111010000001000111011001111001110110010101001011110001110110011110011101100101010010111001010110101101101001000110000011101111010000001110011010100011011110000100000101000110111011101000000100011101100111100111011001010100101111000111011001111001110110010101001011100101011010110100011001111001110110010011101100101010010111100011101100111100111011001010100101110010101101011011010010001100000111011110100000011100110101000110111100001000001010001101110111010000001000111011001111001110110010101001011110001110110011110011101100101010010111001010110101101000110011110011101100101
010100111010000001000111011001111001110110010101001011110001110110011110011101100101010010111001010110101101101001000110000011101111010000001110011010100011011110000100000101000110111011101000000100011101100111100111011001010100101111000111011001111001110110010101001011100101011010111001000001110111101010111100011101100111100111011001010100101110010101101011011010010001100000111011110100000011100110101000110111100001000001010001101110111010000001000111011001111001110110010101001011110001110110011110011101100101010010111001010110101110010000011101111010000001
01010011101000000100011101100111100111011001010100101111000111011001111001110110010101001011100101011010110110100100011000001110111101000000111001101010001101111000010000010100011011101110100000010001110110011110011101100101010010111100011101100111100111011001010100101110010101101011100110011000101010100101011001111001110110010101001011110001110110011110011101100101010010111001010110101110011001100010101010010111
010100111010000001000111011001111001110110010101001011110001110110011110011101100101010010111001010110101101101001000110000011101111010000001110011010100011011110000100000101000110111011101000000100011101100111100111011001010100101111000111011001111001110110010101001011100101011010110110101110111010000001000111011001111001110110010101001011110001110110011110011101100101010010111001010110101101101001000110000011101111
01010011101000000100011101100111100111011001010100101111000111011001111001110110010101001011100101011010110110100100011000001110111101000000111001101010001101111000010000010100011011101110100000010001110110011110011101100001010001101110111010000001000111011001111001110110010101001011110001110110011110011101100101010010111001010110101111011001111001001011100101
010100111010000001000111011001111001110110010101001011110001110110011110011101100101010010111001010110101101101001000110000011101111010000001110011010100011011110000100000101000110111011101000000100011101100111100111011001010100101111000111011001111001110110010101001011100101011010111001100110010011100110101000110111100001000001010001101110111010000001000111011001111001110110010101001011110001110110011110011101100101010010111001010110101110011001100100011011101110
01010011101000000100011101100111100111011001010100101111000111011001111001110110010101001011100101011010110110100100011000001110111101000000111001101010001101111000010000010100011011101110100000010001110110011110011101100101010010111100011101100111100111011001010100101110010101101010011100110101000110111100001000001010001101110111010000001000111011001111001110110010101001011110001110110011110011101100101010010111001010110101110011001100100011011101110
01010011101000000100011101100111100111011001010100101111000111011001111001110110010101001011100101011010110110100100011000001110111101000000111001101010001101111000010000010100011011101110100000010001110110011110011101100101010010111100011101100111100111011001010100101110010101101001110100000010001110110011110011101100101010010111100011101100111100111011001010100101110010101101011011010010001100000111011110100000011100110101000110111100001000001010001101110111010000001000111011001111001110110010101001011110001110110011110011101100101010010111001010110101110011001101111100010001100
010100111010000001000111011001111001110110010101001011110001110110011110011101100101010010111001010110101101101001000110000011101111010000001110011010100011011110000100000101000110111011101000000100011101100111100111011001010100101111000111011001111001110110010101001011100101011010111000001000001010001101110111010000001000111011001111001110110010101001011110001110110011110011101100101010010111001010110101110010000011101111010000001
01010011101000000100011101100111100111011001010100101111000111011001111001110110010101001011100101011010110110100100011000001110111101000000111001101010001101111000010000010100011011101110100000010001110110011110011101100101010010111100011101100111100111011001010100101110010101101011100110000111001110110010101001011110001110110011110011101100101010010111001010110101110011000011011101010010001
010100111010000001000111011001111001110110010101001011110001110110011110011101100101010010111001010110101101101001000110000011101111010000001110011010100011011110000100000101000110111011101000000100011101100111100111011001010100101111000111011001111001110110010101001011100101011010111001100111010011101100111100111011001010100101110010101101011011010010001100000111011110100000011100110101000110111100001000001010001101110111010000001000111011001111001110110010101001011110001110110011110011101100101010010111001010110101110011001110101001011100101
0101001110100000010001110110011110011101100101010010111100011101100111100111011001010100101110010101101011011010010001100000111011110100000011100110101000110111100001000001010001101110111010000001000111011001111001110110010101001011110001110110011110011101100101010010111001010110101110011001101111010111100011101100111100111011001010100101110010101101011011010010001100000111011110100000011100110101000110111100001000001010001101110111010000001000111011001111001110110010101001011110001110110011110011101100101010010111001010110101110011001101111010000001110
01010011101000000100011101100111100111011001010100101111000111011001111001110110010101001011100101011010110110100100011000001110111101000000111001101010001101111000010000010100011011101110100000010001110110011110011101100101010010111100011101100111100111011001010100101110010101101011100100000111011001110110011110011101100101010010111001010110101110010000011101111010000001
010100111010000001000111011001111001110110010101001011110001110110011110011101100101010010111001010110101101101001000110000011101111010000001110011010100011011110000100000101000110111011101000000100011101100111100111011001010100101111000111011001111001110110010101001011100101011010111110100000010001110110011110011101100101010010111100011101100111100111011001010100101110010101101011011010010001100000111011110100000011100110101000110111100001000001010001101110111010000001000111011001111001110110010101001011110001110110011110011101100101010010111001010110101110011001101111100010001100
0101001110100000010001110110011110011101100101010010111100011101100111100111011001010100101110010101101011011010010001100000111011110100000011100110101000110111100001000001010001101110111010000001000111011001111001110110010101001011110001110110011110011101100101010010111001010010101001011110001110110011110011101100101010010111001010110101110011000011011101010010001
01010011101000000100011101100111100111011001010100101111000111011001111001110110010101001011100101011010110110100100011000001110111101000000111001101010001101111000010000010100011011101110100000010001110110011110011101100101010010111100011101100111100111011001010100101110010101101011011010101010010111100011101100111100111011001010100101110010101101011011010010001100000111011110100000011100110101000110111100001000001010001101110111010000001000111011001111001110110010101001011110001110110011110011101100101010010111001010110101101101001000110000011101111
0101001110100000010001110110011110011101100101010010111100011101100111100111011001010100101110010101101011011010010001100000111011110100000011100110101000110111100001000001010001101110111010000001000111011001111001110110010101001011110001110110011110011101100101010010111001010110101110010010001110001100000111011110100000011100110101000110111100001000001010001101110111010000001000111011001111001110110010101001011110001110110011110011101100101010010111001010110101110010010001100000111011110
0101001110100000010001110110011110011101100101010010111100011101100111100111011001010100101110010101101011011010010001100000111011110100000011100110101000110111100001000001010001101110111010000001000111011001111001110110010101001011110001110110011110011101100101010010111001010110101111011001111001001011100011011010010001100000111011110100000011100110101000110111100001000001010001101110111010000001000111011001111001110110010101001011110001110110011110011101100101010010111001010110101111011001111001001011100101
010100111010000001000111011001111001110110010101001011110001110110011110011101100101010010111001010110101101101001000110000011101111010000001110011010100011011110000100000101000110111011101000000100011101100111100111011001010100101111000111011001111001110110010101001011100101011010001100000111011110100000011100110101000110111100001000001010001101110111010000001000111011001111001110110010101001011110001110110011110011101100101010010111001010110101110011001101111100010001100
010100111010000001000111011001111001110110010101001011110001110110011110011101100101010010111001010110101101101001000110000011101111010000001110011010100011011110000100000101000110111011101000000100011101100111100111011001010100101111000111011001111001110110010101001011100101011010101110010000011101111010000001
01010011101000000100011101100111100111011001010100101111000111011001111001110110010101001011100101011010110110100100011000001110111101000000111001101010001101111000010000010100011011101110100000010001110110011110011101100101010010111100011101100111100111011001111001110110010101001011101111100011101100111100111
01010011101000000100011101100111100111011001010100101111000111011001111001110110010101001011100101011010110110100100011000001110111101000000111001101010001101111000010000010100011011101110100000010001110110011110011101100101010010111100011101100111100111011001010100101110010101110010111100011101100111100111011001010100101110010101101011011010010001100000111011110100000011100110101000110111100001000001010001101110111010000001000111011001111001110110010101001011110001110110011110011101100101010010111001010110101001110110001000111011001111
010100111010000001000111011001111001110110010101001011110001110110011110011101100101010010111001010110101101101001000110000011101111010000001110011010100011011110000100000101000110111011101000000100011101100111100111011001010100101111000111011001111001110110010101001011100101011010010001100000111011110100000011100110101000110111100001000001010001101110111010000001000111011001111001110110010101001011110001110110011110011101100101010010111001010110101001110110001000111011001111
01010011101000000100011101100111100111011001010100101111000111011001111001110110010101001011100101011010110110100100011000001110111101000000111001101010001101111000010000010100011011101110100000010001110110011110011101100101010010111100011101100111100111011001010100101110010101101011010001110110010110101000110111100001000001010001101110111010000001000111011001111001110110010101001011110001110110011110011101100101010010111001010110101101000111011001011010001110
010100111010000001000111011001111001110110010101001011110001110110011110011101100101010010111001010110101101101001000110000011101111010000001110011010100011011110000100000101000110111011101000000100011101100111100111011001010100101111000111011001111001110110010101001011100101010001010001101110111010000001000111011001111001110110010101001011110001110110011110011101100101010010111001010110101001110110001000111011001111
01010011101000000100011101100111100111011001010100101111000111011001111001110110010101001011100101011010110110100100011000001110111101000000111001101010001101111000010000010100011011101110100000010001110110011110011101100101010010111100011101100111100111011001010100101110010101010001101110111010000001000111011001111001110110010101001011110001110110011110011101100101010010111001010110101110011000011011101010010001
01010011101000000100011101100111100111011001010100101111000111011001111001110110010101001011100101011010110110100100011000001110111101000000111001101010001101111000010000010100011011101110100000010001110110011110011101100101010010111100011101100111100111011001010100101110010100001110110011110011101100101010010111100011101100111100111011001010100101110010101101011011010010001100000111011110100000011100110101000110111100001000001010001101110111010000001000111011001111001110110010101001011110001110110011110011101100101010010111001010110101110011001100100011011101110
0101001110100000010001110110011110011101100101010010111100011101100111100111011001010100101110010101101011011010010001100000111011110100000011100110101000110111100001000001010001101110111010000001000111011001111001110110010101001011110001110110011110011101100101010010111001010110000001000111011001110111011001111001110110
010100111010000001000111011001111001110110010101001011110001110110011110011101100101010010111001010110101101101001000110000011101111010000001110011010100011011110000100000101000110111011101000000100011101100111100111011001010100101111000111011001111001110110010101001011100101011010111001001000100101010010111001010110101110010010001100000111011110
010100111010000001000111011001111001110110010101001011110001110110011110011101100101010010111001010110101101101001000110000011101111010000001110011010100011011110000100000101000110111011101000000100011101100111100111011001010100101111000111011001111001110110010101001100000111011110100000011100110101000110111100001000001010001101110111010000001000111011001111001110110010101001011110001110110011110011101100101010010111001010110101110011001100100011011110010
0101001110100000010001110110011110011101100101010010111100011101100111100111011001010100101110010101101011011010010001100000111011110100000011100110101000110111100001000001010001101110111010000001000111011001111001110110010101001011110001110110011110011101100101010010111001010110101110011001110011001101111100010001110
0101001110100000010001110110011110011101100101010010111100011101100111100111011001010100101110010101101011011010010001100000111011110100000011100110101000110111100001000001010001101110111010000001000111011001111001110110010101001011110001110110011110011101100101010010111000111010000001000111011001101010010111100011101100111100111011001010100101110010101101011011010010001100000111011110100000011100110101000110111100001000001010001101110111010000001000111011001111001110110010101001011110001110110011110011101100101010010111000111010000001000111011001111001110110
01010011101000000100011101100111100111011001010100101111000111011001111001110110010101001011100101011010110110100100011000001110111101000000111001101010001101111000010000010100011011101110100000010001110110011110011101100101010010111100011101100111100111011001010100101110000001000111011001111001110110010101001011110001110110011110011101100101010010111001010110101110011001101111100010001110
010100111010000001000111011001111001110110010101001011110001110110011110011101100101010010111001010110101101101001000110000011101111010000001110011010100011011110000100000101000110111011101000000110111010000001000111011001111001110110010101001011110001110110011110011101100101010010111001010110101110011000011011101010010001
010100111010000001000111011001111001110110010101001011110001110110011110011101100101010010111001010110101101101001000110000011101111010000001110011010100011011110000100000101000110111011101000000100011101100111100111011001010100101111000111011001111001110110010101001000110101000110111100001000001010001101110111010000001000111011001111001110110010101001011110001110110011110011101100101010010111001010110101001101011110001110110011110
01010011101000000100011101100111100111011001010100101111000111011001111001110110010101001011100101011010110110100100011000001110111101000000111001101010001101111000010000010100011011101110100000010001110110011110011101100101010010111100011101100111100111011001010100101110010101101010011101100010100101010010111100011101100111100111011001010100101110010101101011011010010001100000111011110100000011100110101000110111100001000001010001101110111010000001000111011001111001110110010101001011110001110110011110011101100101010010111001010110101001110110001000111011001111
010100111010000001000111011001111001110110010101001011110001110110011110011101100101010010111001010110101101101001000110000011101111010000001110011010100011011110000100000101000110111011101000000100011101100111100111011001010100101111000111011001111001110110010101001011100101011010110110100100011001010001101110111010000001000111011001111001110110010101001011110001110110011110011101100101010010111001010110101101101001000110000011101111
0101001110100000010001110110011110011101100101010010111100011101100111100111011001010100101110010101101011011010010001100000111011110100000011100110101000110111100001000001010001101110111010000001000111011001111001110110010101001011110001110110011110011101100101010010111001010001110110011110011101100101010010111100011101100111100111011001010100101110010101101011011010010001100000111011110100000011100110101000110111100001000001010001101110111010000001000111011001111001110110010101001011110001110110011110011101100101010010111001010110101111011001111001001011100101
0101001110100000010001110110011110011101100101010010111100011101100111100111011001010100101110010101101011011010010001100000111011110100000011100110101000110111100001000001010001101110111010000001000111011001111001110110010101001011110001110110011110011101100101010010111001010110101110111100111011001010100101110010101101011011010010001100000111011110100000011100110101000110111100001000001010001101110111010000001000111011001111001110110010101001011110001110110011110011101100101010010111001010110101110011001101111100010001100
0101001110100000010001110110011110011101100101010010111100011101100111100111011001010100101110010101101011011010010001100000111011110100000011100110101000110111100001000001010001101110111010000001000111011001111001110110010101001011110001110110011110011101100101010010111001011011110001110110011110011101100101010010111001010110101110011101010010111001010110
01010011101000000100011101100111100111011001010100101111000111011001111001110110010101001011100101011010110110100100011000001110111101000000111001101010001101111000010000010100011011101110100000010001110110011110011101100101010010111100011101100110111011110100000011100110101000110111100001000001010001101110111010000001000111011001111001110110010101001011110001110110011110011101100101010010111001010110101110011001101111100010001100
01010011101000000100011101100111100111011001010100101111000111011001111001110110010011101100101010010111100011101100111100111011001010100101110010101101011011010010001100000111011110100000011100110101000110111100001000001010001101110111010000001000111011001111001110110010101001011110001110110011110011101100101010010111001010110101101101001000110000011101111
0101001110100000010001110110011110011101100101010010111100011101100111100111011001010100101110010101101011011010010001100000111011110100000011100110101000110111100001000001010001101110111010000001000111011001111001110110010101001110100000010001110110011110011101100101010010111100011101100111100111011001010100101110010101101011011010010001100000111011110100000011100110101000110111100001000001010001101110111010000001000111011001111001110110010101001011110001110110011110011101100101010010111001010110101101101001000110000011101111
010100111010000001000111011001111001110110010101001011110001110110011110011101100101010010111001010110101101101001000110000011101111010000001110011010100011011110000100000101000110111011101000000100011101100111100111011001010100101111000111011001111001110110110010101001011110001110110011110011101100101010010111001010110101101101001000110000011101111
010100111010000001000111011001111001110110010101001011110001110110011110011101100101010010111001010110101101101001000110000011101111010000001110011010001010100101110010101101011011010010001100000111011110100000011100110101000110111100001000001010001101110111010000001000111011001111001110110010101001011110001110110011110011101100101010010111001010110101110010010001100000111011110
01010011101000000100011101100111100111011001010100101111000111011001111001110110010101001011100101011010110110100100011000001110111101000000111001101010001101111000010000010100011011101110100000010001110110011101110010101101011011010010001100000111011110100000011100110101000110111100001000001010001101110111010000001000111011001111001110110010101001011110001110110011110011101100101010010111001010110101110010010001100000111011110
0101001110100000010001110110011110011101100101010010111100011101100111100111011001010100101110010101101011011010010001100000111011110100000011100110101000110111100001000001010001101110111010000001000111011001111001110110010101001011110001110110011110011101100101010010111001011100101010010111100011101100111100111011001010100101110010101101011011010010001100000111011110100000011100110101000110111100001000001010001101110111010000001000111011001111001110110010101001011110001110110011110011101100101010010111001010110101101101001000110000011101111
010100111010000001000111011001111001110110010101001011110001110110011110011101100101010010111001010110101101101001000110000011101111010000001110011010100011011110000100000101000110111011101000000100011101100111100111011001010100101111000111011001111001110110010101001011100101010111100011101100111100111011001010100101110010101101011011010010001100000111011110100000011100110101000110111100001000001010001101110111010000001000111011001111001110110010101001011110001110110011110011101100101010010111001010110101101101001000110000011101111
010100111010000001000111011001111001110110010101001011110001110110011110011101100101010010111001010110101101101001000110000011101111010000001110011010100011011110000100000101000110111011101000000100011101100111100111011001010100101111000111011001111001110110010101001011100101011010111100110101000110111100001000001010001101110111010000001000111011001111001110110010101001011110001110110011110011101100101010010111001010110101101101001000110000011101111
010100111010000001000111011001111001110110010101001011110001110110011110011101100101010010111001010110101101101001000110000011101111010000001110011010100011011110000100000101000110111011101011001010100101110010101101011011010010001100000111011110100000011100110101000110111100001000001010001101110111010000001000111011001111001110110010101001011110001110110011110011101100101010010111001010110101101101001000110000011101111
0101001110100000010001110110011110011101100101010010111100011101100111100111011001010100101110010101101011011010010001100000111011110100000011100110101000110101000110111100001000001010001101110111010000001000111011001111001110110010101001011110001110110011110011101100101010010111001010110101010010001100000111000101011
01010011101000000100011101100111100111011001010100101111000111011001111001110110010101001011100101011010110110100100011000001110011110011101100101010010111100011101100111100111011001010100101110010101101011011010010001100000111011110100000011100110101000110111100001000001010001101110111010000001000111011001111001110110010101001011110001110110011110011101100101010010111001010110101110011001101111100010001100
0101001110100000010001110110011110011101100101010010111100011101100111100111011001010100101110010101101011011010010001100000111011110100000011100110101000110111100001000001010001101110111011001010100101110010101101011011010010001100000111011110100000011100110101000110111100001000001010001101110111010000001000111011001111001110110010101001011110001110110011110011101100101010010111001010110101110011001101111100010001100
01010011101000000100011101100111100111011001010100101111000111011001111001110110010101001011100101011010110110100100011000001110111101000000111001101010001101111000010000010100011011101110100000010001110110011110011101100101010010111100011101100111100111011001110010101101011011010010001100000111011110100000011100110101000110111100001000001010001101110111010000001000111011001111001110110010101001011110001110110011110011101100101010010111001010110101110010000011101111010000001
01010011101000000100011101100111100111011001010100101111000111011001111001110110010101001011100101011010110110100100011000001110111101000000111100111011001010100101110010101101011011010010001100000111011110100000011100110101000110111100001000001010001101110111010000001000111011001111001110110010101001011110001110110011110011101100101010010111001010110101110011001101111100010001110
010100111010000001000111011001111001110110010101001011110001110110011110011101100101010010111001010110101101101001000110000011101111010000001110011010100011011110000100000101000110111011101000000100011101100111100111011001010100101111000111011001111001110110010101001011100101011010111001010100101110010101101011011010010001100000111011110100000011100110101000110111100001000001010001101110111010000001000111011001111001110110010101001011110001110110011110011101100101010010111001010110101110011001001111001110110010
01010011101000000100011101100111100111011001010100101111000111011001111001110110010101001011100101011010110110100100011000001110111101000000111001101010001101111000010000010100011011101110100000010001110110011110001110110010101001011110001110110011110011101100101010010111001010110101110011001001111001110110010
0101001110100000010001110110011110011101100101010010111100011101100111100111011001010100101110010101101011011010010001100000111011110100000011100110101000110111100001000001010001101110111010000001000111100011101100111100111011001010100101110010101101011011010010001100000111011110100000011100110101000110111100001000001010001101110111010000001000111011001111001110110010101001011110001110110011110011101100101010010111001010110101101101001000110000011101111
01010011101000000100011101100111100111011001010100101111000111011001111001110110010101001011100101011010110110100100011000001110111101000000111001101010001101111000010000010100011011101110100000010001110110011110011101100101011101110111010000001000111011001111001110110010101001011110001110110011110011101100101010010111001010110101101101001000110000011101111
010100111010000001000111011001111001110110010101001011110001110110011110011101100101010010111001011100111011001010100101110010101101011011010010001100000111011110100000011100110101000110111100001000001010001101110111010000001000111011001111001110110010101001011110001110110011110011101100101010010111001010110101110011001101111100010001110
01010011101000000100011101100111100111011001010100101111000111011001111001110110010101001011100101011010110110100100011000001110111101000000111001101010001101111000010000010100011011101110100000010001110110011110011101100101010011100111100111011001010100101110010101101011011010010001100000111011110100000011100110101000110111100001000001010001101110111010000001000111011001111001110110010101001011110001110110011110011101100101010010111001010110101101101001000110000011101111
010100111010000001000111011001111001110110010101001011110001110110011110011101100101010010111001010110101101101001000110000011101111010000001110011010100011011110000100000101000110111011101000000100011101111100111011001010100101110010101101011011010010001100000111011110100000011100110101000110111100001000001010001101110111010000001000111011001111001110110010101001011110001110110011110011101100101010010111001010110101101101001000110000011101111
0101001110100000010001110110011110011101100101010010111100011101100111100111011001010100101110010101101011011010010001100000111011110100000011100110101000110111100001000001010001101110111010000001000111011001111001110110010101010011101100101010010111100011101100111100111011001010001000111011001111001110110010101010011101100101010010111100011101100111100111011001010100101110010101101011100110011
01010011101000000100011101100111100111011001010100101111000111011001111001110110010101001011100101011010110110100100011000001110111101000000111001101010001101111000010000010100011011101110100000010001100000111011110100000011100110101000110111100001000001010001101110111010000001000111011001111001110110010101001011110001110110011110011101100101010010111001010110100100011101100111100111011001
010100111010000001000111011001111001110110010101001011110001110110011110011101100101001110100000010001110110011110011101100101010010111100011101100111100111011001010100101110010101101011011010010001100000111011110100000011100110101000110111100001000001010001101110111010000001000111011001111001110110010101001011110001110110011110011101100111100111011001010100101110111100011101100111100111
0101001110100000010001110110011110011101100101010010111100011101100111100111011001010100101110010101101011011010010001100000111011110100000011100110101000110111100001000001010001101110111010000001000111011001111001110110010101001011110001110110110001110110011110011101100101010010111001010110101110011001101111100010001110
01010011101000000100011101100111100111011001010100101111000111011001111001110110010101001011100101011010110110100100011000001110111101100111100111011001010100101110010101101011011010010001100000111011110100000011100110101000110111100001000001010001101110111010000001000111011001111001110110010101001011110001110110011110011101100101010010111001010110101110011001110101001011100101
01010011101000000100011101100111100111011001010100101111000111011001111001110110010101001011100101011010110110100100011000001110111101000000110010101101011011010010001100000111011110100000011100110101000110111100001000001010001101110111010000001000111011001111001110110010101001011110001110110011110011101100101010010111001010110101101101001000110000011101111
010100111010000001000111011001111001110110010101001011110001110110011110011101100101010010111001010110101101101001000110000011101111010000001110011010100011011110000100000101000110111001011011010010001100000111011110100000011100110101000110111100001000001010001101110111010000001000111011001111001110110010101001011110001110110011110011101100101010010111001010110101101101001000110000011101111
01010011101000000100011101100111100111011001010100101111000111011001111001110110010101001011100101011010110110100100011000001110111101000000111001101010001101111000000011100110101000110111100001000001010001101110111010000001000111011001111001110110010101001011110001110110011110011101100101010010111001010110101110011000011011101010010001
010100111010000001000111011001111001110110010101001011110001110110011110011101100101010010111001010110101101101001000110000011101111010000001110011010100011011110000100000101000110111011101000000100011101100111100111011001010100101111000100111011110100000011100110101000110111100001000001010001101110111010000001000111011001111001110110010101001011110001110110011110011101100101010010111001010110101110011000011011101010010001
010100111010000001000111011001111001110110010101001011110001110110000010001110110011110011101100101010010111100011101100111100111011001010100101110010101101011011010010001100000111011110100000011100110101000110111100001000001010001101110111010000001000111011001111001110110010101001011110001110110011110011101100101010010111001010110101111011001111001001011100101
010100111010000001000111011001111001110110010101001011110001110110011110011101100101010010111001010110101101101001000110000011101111010000001110011010100011011110000100000101000110111011101000000100011101100111100111011001010100101111000111011001111001110110010101001101110111010000001000111011001111001110110010101001011110001110110011110011101100101010010111001010110101001101011110001110110011110
010100111010000001000111011001111001110110010101001010010001110110011110011101100101010010111100011101100111100111011001010100101110010101101011011010010001100000111011110100000011100110101000110111100001000001010001101110111010000001000111011001111001110110010101001011110001110110011110011101100101010010111001010110101110011001100100011011101110
01010011101000000100011101100111100111011001010100101111000111011001111001110110010101001011100101011010110110100100011000001110111101000000111001101010001101111000010000010100001101110111010000001000111011001111001110110010101001011110001110110011110011101100101010010111001010110101110011001100100011011101110
0101001110100000010001110110011110011101100101010010111100011101100111100111011001010100101110010101101011011010010001100000111011110100000011100110101000110111100001000001010001101110111010000100101110010101101011011010010001100000111011110100000011100110101000110111100001000001010001101110111010000001000111011001111001110110010101001011110001110110011110011101100101010010111001010110101110011001100100011011101110
01010011101000000100011101100111100111011001010100101111000111011001111001110110010101001011100101011010110110100100011000001110111101000000111001101010001101111000010000010100101010010111100011101100111100111011001010100101110010101101011011010010001100000111011110100000011100110101000110111100001000001010001101110111010000001000111011001111001110110010101001011110001110110011110011101100111100111011001010100101110111100011101100111100111
010100111010000001000111011001111001110110010101001011110001110110011110011101100101010010111001010110101101101001000110000011101111010000001110011011011110100000011100110101000110111100001000001010001101110111010000001000111011001111001110110010101001011110001110110011110011101100111100111011001010100101110111100011101100111100111
0101001110100000010001110110011110011101100100000010001110110011110011101100101010010111100011101100111100111011001010100101110010101101011011010010001100000111011110100000011100110101000110111100001000001010001101110111010000001000111011001111001110110010101001011110001110110011110011101100101010010111001010110101110011001101111100010001100
010100111010000001000111011001111001110110010101001011110001110110011110011101100101010010111001010110101101101001000110000011101111010000001110011010100011011110000100000101000110111011101000000100010101110010101101011011010010001100000111011110100000011100110101000110111100001000001010001101110111010000001000111011001111001110110010101001011110001110110011110011101100101010010111001010110101110011001101111100010001100
010100111010000001000111011001111001110110010101001011110001110110011110011101100101010010111001010110101101101001000110000011101111010000001110011010100011011110000100000101000110111011101000000100011101100111100111011001010100101111000110101001011110001110110011110011101100101010010111001010110101110010000011101111010000001
0101001110100000010001110110011110011101100101010010111100011101100111100111011001010100101110010101101011011010010001100000111011111110011101100101010010111100011101100111100111011001010100101110010101101011011010010001100000111011110100000011100110101000110111100001000001010001101110111010000001000111011001111001110110010101001011110001110110011110011101100101010010111001010110101110011001101111010000001110
010100111010000001000111011001111001110110010101001011110001110110011110011101100101010010111001010110101101101001000110000011101111010000001110011010100011011110000100000101000110111011101000000100011101100111100111011001010100101011010010001100000111011110100000011100110101000110111100001000001010001101110111010000001000111011001111001110110010101001011110001110110011110011101100101010010111001010110101101000110011110011101100101
01010011101000000100011101100111100111011001010100101111000111011001111001110110010101001011100101011010110110100100011000001110111101000000111001101010001101111000010000010100011011101010010111100011101100111100111011001010100101110010101101011011010010001100000111011110100000011100110101000110111100001000001010001101110111010000001000111011001111001110110010101001011110001110110011110011101100101010010111001010110000001000111011001111001110110
0101001110100000010001110110011110011101100101010010111100011101100111100111011001010100101110010101101011011010010001010100101110010101101011011010010001100000111011110100000011100110101000110111100001000001010001101110111010000001000111011001111001110110010101001011110001110110011110011101100101010010111001010110000001000111011001111001110110
01010011101000000100011101100111100111011001010100101111000111011001111001110110010101001011100101011010110110100100011000001110111101000000111001101010001101010010111100011101100111100111011001010100101110010101101011011010010001100000111011110100000011100110101000110111100001000001010001101110111010000001000111011001111001110110010101001011110001110110011110011101100101010010111001010110101110010000011101111010000001
010100111010000001000111011001111001110110010101001011110001110110011110011101100101010010100101110010101101011011010010001100000111011110100000011100110101000110111100001000001010001101110111010000001000111011001111001110110010101010011101100101010010111100011101100111100111011001010100101110010101101011100110011
0101001110100000010001110110011110011101100101010010111100011101100111100111011001010100101110010101101011011010010001100000111011110100000010010101101011011010010001100000111011110100000011100110101000110111100001000001010001101110111010000001000111011001111001110110010101010011101100101010010111100011101100111100111011001010100101110010101101011100110011
010100111010000001000111011001111001110110010101001011110001110110011110011101100101010010111001010110101101101001000110000011101111010000001110011010100011011110000100000101000110111011101000000100011101100100000010001110110011110011101100101010010111100011101100111100111011001010100101110010101101011011010010001100000111011110100000011100110101000110111100001000001010001101110111010000001000111011001111001110110010101001011110001110110011110011101100101010010111001010110101110011101111000010000010100
0101001110100000010001110110011110011101100101010010111100011101100111100111011001010100101111110010101101011011010010001100000111011110100000011100110101000110111100001000001010001101110111010000001000111011001111001110110010101001011110001110110011110011101100101010010111001010110101110011101111000010000010100
0101001110100000010001110110011110011101100101010010111100011101100111100111011001010100101110010101101011011010010001100000111011110100000011100110101000110111100001000001010001101110111010000001000111011001111001110110010101001011110001110110001011110001110110011110011101100101010010111001010110101101101001000110000011101111
0101001110100000010001110110011110011101100101010010111100011101100111100111011001010100101110010101101011011010010001100000111011110100000011100110101000110111100001000001010001101110111010000001000111011001111001110110010101001011110001110110011110011101100101110111010000001000111011001111001110110010101001011110001110110011110011101100101010010111001010110101101101001000110000011101111
010100111010000001000111011001111001110110010101001011110001110110011110011101100101010010111001010110101101101001000110000011101111010000001110011010100011011110000100000101000110111011101000000100011101100111100111011001010100101111000111011001111001110110010101001011010010111100011101100111100111011001010100101110010101101011011010010001100000111011110100000011100110101000110111100001000001010001101110111010000001000111011001111001110110010101001011110001110110011110011101100101010010111001010110101110011000011011101010010001
01010011101000000100011101100111100111011001010100101111000111011000011101100111100111011001010100101110010101101011011010010001100000111011110100000011100110101000110111100001000001010001101110111010000001000111011001111001110110010101001011110001110110011110011101100101010010111001010110101001110110001000111011001111
0101001110100000010001110110011110011101100101010010111100011101100111100111011111011001010100101110010101101011011010010001100000111011110100000011100110101000110111100001000001010001101110111010000001000111011001111001110110010101001011110001110110011110011101100101010010111001010110101110011001101111101011001010
01010011101000000100011101100111100111011001010100101111000111011001111001110110010101001011100101011010110110100100011000001110111101000000111001101010001101111000010000010100011011101110100000010001110110011110011101100101010010111100011001110100000010001110110011110011101100101010010111100011101100111100111011001010100101110010101101011011010010001100000111011110100000011100110101000110111100001000001010001101110111010000001000111011001111001110110010101001011110001110110011110011101100101010010111001010110101101000111011001011010001110
010100111010000001000111011001111001110110010101001011110001110110011110011101100011001010100101110010101101011011010010001100000111011110100000011100110101000110111100001000001010001101110111010000001000111011001111001110110010101001011110001110110011110011101100101010010111001010110101101000111011001011010001110
0101001110100000010001110110011110011101100101010010111100011101100111100111011001010100101110010101101011011010010001100000111011110100000011100110101000110111100001000001010001101110111010000001000111011001111001110110010101001011110001110110011110011101100101010010111001010110110010101101011011010010001100000111011110100000011100110101000110111100001000001010001101110111010000001000111011001111001110110010101001011110001110110011110011101100101010010111001010110101110010000011101111010000001
010100111010000001000111011001111001110110010101001011110001110110011110011101100101010010111001010110011101100101010010111100011101100111100111011001010100101110010101101011011010010001100000111011110100000011100110101000110111100001000001010001101110111010000001000111011001111001110110010101001011110001110110011110011101100101010010111001010110101110011001100100011011110010
01010011101000000100011101100111100111011001010100101111000111011001111001110110010101001011100101011010110110100100011000001110111101000000111001101010001101111000010000010100001110110011110011101100101010010111100011101100111100111011001010100101110010101101011011010010001100000111011110100000011100110101000110111100001000001010001101110111010000001000111011001111001110110010101010011101100101010010111100011101100111100111011001010100101110010101101011100110011
01010011101000000100011101100111100111011001010100101111000111011001111001110110010101001011100101011010110110100100011000001110111101000000111001101010001101111000010000010100011011101110100000010000111011001111001110110010101010011101100101010010111100011101100111100111011001010100101110010101101011100110011
0101001110100000010001110110011110011101100101010010111100011101100111100111011001010100101110010101101011011010010001100000111011110100000011100110101101011011010010001100000111011110100000011100110101000110111100001000001010001101110111010000001000111011001111001110110010101001011110001110110011110011101100101010010111001010110101110011001101111100010001100
010100111010000001000111011001111001110110010101001011110001110110011110011101100101010010111001010110101101101001000110000011101111010000001110011010100011011110000100000101000110111011101000000100011101100111100111011001010100101111000111011001111001110110010101001011100101000111011110100000011100110101000110111100001000001010001101110111010000001000111011001111001110110010101001011110001110110011110011101100101010010111001010110101110011001101111100010001100
01010011101000000100011101100111100111011001010100101111000111011001111001110110010101001011100101011010110110100100011000001110111101000000111001101010010101101011011010010001100000111011110100000011100110101000110111100001000001010001101110111010000001000111011001111001110110010101001011110001110110011110011101100101010010111001010110101110011001100010101010010111
01010011101000000100011101100111100111011001010100101111000111011001111001110110010101001011100101011010110110100100101110010101101011011010010001100000111011110100000011100110101000110111100001000001010001101110111010000001000111011001111001110110010101001011110001110110011110011101100101010010111001010110101101011110011101100101010010
0101001110100000010001110110011110011101100101010010111100011101100111100111011001010100101110010101101011011010010001100000111011110100000011100110101000110111100001000001000110111100001000001010001101110111010000001000111011001111001110110010101001011110001110110011110011101100101010010111001010110101101011110011101100101010010
0101001110100000010001110110011110011101100101010010111100011101100111100111011001010100101110010101101011011010010001100000111011110100000011100110101010010001100000111011110100000011100110101000110111100001000001010001101110111010000001000111011001111001110110010101001011110001110110011110011101100101010010111001010110000001000111011001111001110110
0101001110100000010001110110011110011101100101010010111100011101100111100111011001010100101110010101101011011010010001100000111011110100010100101110010101101011011010010001100000111011110100000011100110101000110111100001000001010001101110111010000001000111011001111001110110010101001011110001110110011110011101100101010010111001010110000001000111011001111001110110
010100111010000001000111011001111001110110010101001011110001110110011110011101100101010010111001010110101101101001000110000011101111010000001110010100101110010101101011011010010001100000111011110100000011100110101000110111100001000001010001101110111010000001000111011001111001110110010101001011110001110110011110011101100101010010111001010110101101000111011001011010001110
010100111010000001000111011001111001110110010101001011110001110110011110011101100101010010111001010110101101101001000110000011101111010000001010010111100011101100111100111011001010100101110010101101011011010010001100000111011110100000011100110101000110111100001000001010001101110111010000001000111011001111001110110010101001011110001110110011110011101100101010010111001010110101110011001101111100010001110
01010011101000000100011101100111100111011001010100101111000111011001111001110110010101001011100101011010110110100100011000001110111101000000111001101010001101111000010000010100011011101110100000010001110110011110011101100101010100000011100110101000110111100001000001010001101110111010000001000111011001111001110110010101001011110001110110011110011101100101010010111001010110101110011001101111101011001010
01010011101000000100011101100111100111011001010100101111000111011001111001110110010101001011100101011010110110100100011000001110111101000000111001101010001101111000010000010100011011101110100000010001110110011011010010001100000111011110100000011100110101000110111100001000001010001101110111010000001000111011001111001110110010101001011110001110110011110011101100101010010111001010110101110011001101111101011001010
0101001110100000010001110110011110011101100101010010111100011101100111100111011001010100101110010101101011011010010001100000111011110100000011100110101000110111100001000001010001101110111010000001000111011001111001110110010101001001101011011010010001100000111011110100000011100110101000110111100001000001010001101110111010000001000111011001111001110110010101001011110001110110011110011101100101010010111001010110100100011101100111100111011001
0101001110100000010001110110011110011101100101010010111100011101100111100111011001010100101110010101101011011010010001100000111011110100000011100110101000110111100001000001010001101110111010000001000111011001111001110110010101001011110001110110011110011101100101010010111001010101100101010010111100011101100111100111011001010100101110010101101011011010010001100000111011110100000011100110101000110111100001000001010001101110111010000001000111011001111001110110010101001011110001110110011110011101100101010010111001010110101110010010001100000111011110
010100111010000001000111011001111001110110010101001011110001110110011110011101100101010010111001010110101101101001000110000011101111010000001110011010100011011110000100000101000110111011101000000100011101100111100111011001010100101111000111011001100101010010111100011101100111100111011001010100101110010101101011011010010001100000111011110100000011100110101000110111100001000001010001101110111010000001000111011001111001110110010101001011110001110110011110011101100101010010111001010110101110011001101111100010001100
010100111010000001000111011001111001110110010101001011110001110110011110011101100101010010111001010110101101101001000110000011101111010000001110011010100011011110000100000101000110111011101000000100011101100111010101101011011010010001100000111011110100000011100110101000110111100001000001010001101110111010000001000111011001111001110110010101001011110001110110011110011101100101010010111001010110101110011001101111100010001100
010100111010000001000111011001111001110110010101001011110001110110011110011101100101010010111001010110101101101001000110000011101111010011010010001100000111011110100000011100110101000110111100001000001010001101110111010000001000111011001111001110110010101001011110001110110011110011101100101010010111001010110101110011001100100011011101110
010100111010000001000111011001111001110110010101001011110001110110011110011101100101010010111001010110101101101001000110000011101111010000001110011010100011011110000100000100001100000111011110100000011100110101000110111100001000001010001101110111010000001000111011001111001110110010101001011110001110110011110011101100101010010111001010110101110011001100100011011101110
010100111010000001000111011001111001110110010101001011110001110110011110011101100101010010111001010110101101101001000110000011101111010000001110011010100011011110000100000101000110111011101000000100011101100111100111011001010100101111000111011001111001110111011110100000011100110101000110111100001000001010001101110111010000001000111011001111001110110010101001011110001110110011110011101100101010010111001010110000001000111011001111001110110
01010011101000000100011101100111100111011001010100101111000111011001111001110110010101001011100101011010110110100100011000001110111101000000011101100111100111011001010100101110010101101011011010010001100000111011110100000011100110101000110111100001000001010001101110111010000001000111011001111001110110010101001011110001110110011110011101100101010010111001010110000001000111011001111001110110
010100111010000001000111011001111001110110010101001011110001110110011110011101100101010010111001010110101101101001000110000011101111010000001110011010100011011110000100000101000110111011101000000100011101100111100111011001010100101111000111011001111001110110010101001010000001000111011001111001110110010101001011110001110110011110011101100101010010111001010110101110011001101111100010001100
0101001110100000010001110110011110011101100101010010111100011101100111100111011001010100101110010101101011011010010001100000111011110100000011100110101000110111100001000001010001101110111010000001000111010001101110111010000001000111011001111001110110010101001011110001110110011110011101100101010010111001010110101110010010001100000111011110
010100111010000001000111011001111001110110010101001011110001110110011110011101100101010010111001010110101101101001000110000011101111010000001110011010100011011010010001100000111011110100000011100110101000110111100001000001010001101110111010000001000111011001111001110110010101001011110001110110011110011101100101010010111001010110101110010010001100000111011110
010100111010000001000111011001111001110110010101001011110001110110011101100101010010111100011101100111100111011001010100101110010101101011011010010001100000111011110100000011100110101000110111100001000001010001101110111010000001000111011001111001110110010101001011110001110110011110011101100101010010111001010110101110011001100100011011101110
01010011101000000100011101100111100111011001010100101111000111011001111001110110010101001011100101011010110110100100011000001110111101000000111001101010101001110100000010001110110011110011101100101010010111100011101100111100111011001010100101110010101101011011010010001100000111011110100000011100110101000110111100001000001010001101110111010000001000111011001111001110110010101001011110001110110011110011101100101010010111001010110101110011001100100011011101110
0101001110100000010001110110011110011101100101010010111100011101100111100111011001010100101110010101101011011010010001100000111011110100000011100110101000110111100001000001010001101110111010000001000111011001111001110110011001010100101110010101101011011010010001100000111011110100000011100110101000110111100001000001010001101110111010000001000111011001111001110110010101001011110001110110011110011101100101010010111001010110101101101001000110000011101111
010100111010000001000111011001111001110110010101001011110001110110101010010111100011101100111100111011001010100101110010101101011011010010001100000111011110100000011100110101000110111100001000001010001101110111010000001000111011001111001110110010101001011110001110110011110011101100101010010111001010110100100011101100111100111011001
0101001110100000010001110110011110011101100101010010111100011101100111100111011001010100101110010101101011011010010001100000111011110100000011100110101000010001100000111011110100000011100110101000110111100001000001010001101110111010000001000111011001111001110110010101001011110001110110011110011101100101010010111001010110100100011101100111100111011001
010100111010000001000111011001111001110110010101001011110001110110011110011101100101010010111001010110101101101001000110000011101111010000001110011010100011011110000100000101000110111011101000000100011101100111100111011001010100101111001110110010101001011110001110110011110011101100101010010111001010110101110011000011011101010010001
010100111010000001000111011001111001110110010101001011110001110110011110011101100101010010111001010110101101101001000110000011101111010000001110011010100011011111101100101010010111100011101100111100111011001010100101110010101101011011010010001100000111011110100000011100110101000110111100001000001010001101110111010000001000111011001111001110110010101001011110001110110011110011101100101010010111001010110101000110000011101110001000001
0101001110100000010001110110011110011101100101010010111100011101100111100111011001010100101110010101101011011010010001100000111011110100000011100110101000110111100001000001010001101110111010000001000111011001111001110110010101001011110001110110011110011101100101010010111001010110110001101110111010000001000111011001111001110110010101001011110001110110011110011101100101010010111001010110101101101001000110000011101111
010100111010000001000111011001111001110110010101001011110001110110011110011101100101010010111001010110101101101001000110000011101111010000000101010010111100011101100111100111011001010100101110010101101011011010010001100000111011110100000011100110101000110111100001000001010001101110111010000001000111011001111001110110010101001011110001110110011110011101100101010010111001010110101101101001000110000011101111
0101001110100000010001110110011110011101100101010010111100011101100111100111011001010100101110010101101011011010010001100000111011110100000011100110101000110111100001000001010001101110111010000001000110111010000001000111011001111001110110010101001011110001110110011110011101100101010010111001010110101110011001100010101010010111
010100111010000001000111011001111001110110010101001011110001110110011110011101100101010010111001100011101100111100111011001010100101110010101101011011010010001100000111011110100000011100110101000110111100001000001010001101110111010000001000111011001111001110110010101001011110001110110011110011101100101010010111001010110101110011001101111100010001100
0101001110100000010001110110011110011101100101010010111100011101100111100111011001010100101110010101101011011010010001100000111011110100000011100110101000110111100001000001010001101110001100000111011110100000011100110101000110111100001000001010001101110111010000001000111011001111001110110010101001011110001110110011110011101100101010010111001010110101110011001101111100010001100
01010011101000000100011101100111100111011001010100101111000111011001111001110110010101001011100101011010110110100100011000001110111101000000111001101010001101111000010000010100011011101110100000010001110110011110011101100101010010111100011101100111100111011001010100101111101100111100111011001010100101110010101101011011010010001100000111011110100000011100110101000110111100001000001010001101110111010000001000111011001111001110110010101001011110001110110011110011101100101010010111001010110101110011101111000010000010100
010100111010000001000111011001111000000010001110110011110011101100101010010111100011101100111100111011001010100101110010101101011011010010001100000111011110100000011100110101000110111100001000001010001101110111010000001000111011001111001110110010101001011110001110110011110011101100101010010111001010110101110011101111000010000010100
010100111010000001000111011001111001110110010101001011110001110110011110011101100101010010111001010110101101101001000110000011101111010000001001010100101110010101101011011010010001100000111011110100000011100110101000110111100001000001010001101110111010000001000111011001111001110110010101001011110001110110011110011101100101010010111000111010000001000111011001111001110110
010100111010000001000111011001111001110110010101001011110001110110011110011101100101010010111001010110101101101001000110000011101111010000001110011010100011011110000100000101000110111011101000000100011101100111100111011001010100101111000111011001111001110110010100001000001010001101110111010000001000111011001111001110110010101001011110001110110011110011101100101010010111001010110101110011001101111101011001010
01010011101000000100011101100111100111011001010100101111000111011100011101100111100111011001010100101110010101101011011010010001100000111011110100000011100110101000110111100001000001010001101110111010000001000111011001111001110110010101001011110001110110011110011101100101010010111001010110101110011001101111101011001010
01010011101000000100011101100111100111011001010100101111000111011001111001110110010101001011100101011010110110100100011000001110111101000000111001101010001101111000010000010100011011101110100000010001110110011110011101100101010010111100011101100111100111011001010100101110010101101010110101001101011110001110110011110
01010011101000000100011101100111100111011001010100101111000111011001111001110110010101001011100101011010110110100100011000001110111101000000111001101010001101111000010000010100011011101110100000010001110110011110011101100101010010111100011101100111100111011001010100100000011100110101000110111100001000001010001101110111010000001000111011001111001110110010101001011110001110110011110011101100101010010111001010110101110011001110101001011100101
010100111010000001000111011001111001110110010101001011110001110110011110011101100101010010111001010110101101101001000110000011101111010000001110011010100011011110000100000101000111100111011001010100101110010101101011011010010001100000111011110100000011100110101000110111100001000001010001101110111010000001000111011001111001110110010101001011110001110110011110011101100101010010111001010110101110011101010010111001010110
01010011101000000100011101100111100111011001010100101111000111011001111001110110010101001011100101011010110110100100011000001110111101000000111001101100000111011110100000011100110101000110111100001000001010001101110111010000001000111011001111001110110010101001011110001110110011110011101100101010010111001010110101110011001101111100010001100
0101001110100000010001110110011110011101100101010010111100011101100111100111011001010100101110010101101011011010010001100000111011110100000011100110101000110111100001000001010001101110111010000001000111011001111001110110010101001011110001110110011110011101100101010010111001010000011100110101000110111100001000001010001101110111010000001000111011001111001110110010101001011110001110110011110011101100101010010111001010110101110011001101111100010001100
0101001110100000010001110110011110011101100101010010111100011101100111100111011001010100101110010101101011011010010001100000111011110100000011100110101000110111100001000001010001101110111010000001000111011001111001110110010101001011110001110110011110011100110101000110111100001000001010001101110111010000001000111011001111001110110010101001011110001110110011110011101100101010010111001010110101101011110011101100101010010
010100111010000001000111011001111001110110010101001011110001110110011110011101100101010010111001010110101101101001000110000011101111010000111100011101100111100111011001010100101110010101101011011010010001100000111011110100000011100110101000110111100001000001010001101110111010000001000111011001111001110110010101001011110001110110011110011101100101010010111001010110101110011001101111100010001100
010100111010000001000111011001111001110110010101001011110001110110011110011101100101010010111001010110101101101001000110000011101111010000001110011010100011011110000100101110010101101011011010010001100000111011110100000011100110101000110111100001000001010001101110111010000001000111011001111001110110010101001011110001110110011110011101100101010010111001010110101111011001111001001011100101
0101001110100000010001110110011110011101100101010010111100011101100111100111011001010100110100000010001110110011110011101100101010010111100011101100111100111011001010100101110010101101011011010010001100000111011110100000011100110101000110111100001000001010001101110111010000001000111011001111001110110010101001011110001110110011110011101100101010010111001010110101111011001111001001011100101
01010011101000000100011101100111100111011001010100101111000111011001111001110110010101001011100101011010110110100100011000001110111101100111100111011001010100101110010101101011011010010001100000111011110100000011100110101000110111100001000001010001101110111010000001000111011001111001110110010101001011110001110110011110011101100101010010111001010110101101101001000110000011101111
010100111010000001000111011001111001110110010101001011110001110110011110011101100101010010111001010110101101101001000110000011101111010000001110011010100011011110000100000101000110111011101000000100011101100111100111011001010100101111000111011001111001110110010101001011100001110110011110011101100101010010111001010110101110011001100010101010010111
0101001110100000010001110110011110011101100101010010111100011101100111100111011001010100101110010101101011011010010001100000111011110100000011100110101000110111100001000001010001101110111010000001000111011001111001110110000101010010111100011101100111100111011001010100101110010101101011011010010001100000111011110100000011100110101000110111100001000001010001101110111010000001000111011001111001110110010101001011110001110110011110011101100101010010111001010110101101101001000110000011101111
01010011101000000100011101100111100111011001010100101111000111011001111001110110010101001011100101011010110110100100011000001110111101000000111001101010001101111000010000111011001010100101110010101101011011010010001100000111011110100000011100110101000110111100001000001010001101110111010000001000111011001111001110110010101001011110001110110011110011101100101010010111001010110101101101001000110000011101111
01010011101000000100011101100111100111011001010100101111000111011001111001110110010101001011100101011010110110100100011000001110111101000000111001101010001101111000010000010100011000111011001010100101110010101101011011010010001100000111011110100000011100110101000110111100001000001010001101110111010000001000111011001111001110110010101001011110001110110011110011101100101010010111001010110101110011001100100011011101110
010100111010000001000111011001111001110110010101001011110001110110011110011101100101010010111001010110101101101001000110000011101111010000001110011010100011011110000100000101000110111011101000000100011101100111100111011001010100101111000111011001111001110110010100000011100110101000110111100001000001010001101110111010000001000111011001111001110110010101001011110001110110011110011101100101010010111001010110101101101001000110000011101111
010100111010000001000111011001111001110110010101001011110001110110011110011101100101010010111001010110101101101001000110000011101111010000001110011010100011011110000100000101000110111100111011001010100101110010101101011011010010001100000111011110100000011100110101000110111100001000001010001101110111010000001000111011001111001110110010101001011110001110110011110011101100101010010111001010110101101101001000110000011101111
010100111010000001000111011001111001110110010101001011110001110110011110011101100101010010111001010110101101101001000110000011100101001110100000010001110110011110011101100101010010111100011101100111100111011001010100101110010101101011011010010001100000111011110100000011100110101000110111100001000001010001101110111010000001000111011001111001110110010101001011110001110110011110011101100101010010110110100100011000001110111101000000111001
010100111010000001000111011001111001110110010101001011110001110110011110011101100101010010111001010110101101101001000110000011101111010000001110011010100011011110000100000101000110111011101000000100011101100111100111011001010101001110110010101001011110001110110011100011101100111100111011001010100101110010101101011011010010001100000111011110100000011100110101000110111100001000001010001101110111010000001000111011001111001110110010101010011101100101010010111100011101100111100111011001010100101110010101101011100110011
0101001110100000010001110110011110011101100101010010111100011101100111100111011001010100101110010101101011011010010001100000111011110100000011100110101000110111100001000001010001101110111010000001000111011001111001110110010101001011110001110110011110011101001110100000010001110110011110011101100101010010111100011101100111100111011001010100101110010101101011011010010001100000111011110100000011100110101000110111100001000001010001101110111010000001000111011001111001110110010101001011110001110110011110011101100101010010111001010110101110011001101111100010001100
01010011101000000100011101100111100111011001010100101111000111011001111001110110010101001011100101011010110110100100011000001110111101000000111001101010001011010010001100000111011110100000011100110101000110111100001000001010001101110111010000001000111011001111001110110010101001011110001110110011110011101100101010010111001010110101101000111011001011010001110
010100111010000001000111011001111001110110010101001011110001110110011110011101100101010010111001010110101101101001000110000011101111010000001110011010100011010011101100101010010111100011101100111100111011001010100101110010101101011011010010001100000111011110100000011100110101000110111100001000001010001101110111010000001000111011001111001110110010101001011110001110110011110011101100101010010111001010110101110011001100100011011101110
01010011101000000100011101100111100111011001010100101111000111011001111001110110010101001011100101011010110110100100011000001110111101000000111001101010001101111000010000010100011011101110100001000001010001101110111010000001000111011001111001110110010101001011110001110110011110011101100101010010111001010110101110011001100100011011101110
01010011101000000100011001110100000010001110110011110011101100101010010111100011101100111100111011001010100101110010101101011011010010001100000111011110100000011100110101000110111100001000001010001101110111010000001000111011001111001110110010101001011110001110110011110011101100101010010111001010110101110011001101111100010001100
010100111010000001000111011001111001110110011110011101100101010010111100011101100111100111011001010100101110010101101011011010010001100000111011110100000011100110101000110111100000100011000001110111101000000111001101010001101111000010000010100011011101110100000010001110110011110011101100101010010111100011101100111100111011001010100101110010101101010011101111110
01010011101000000100011101100111100111011001111001110110010101001011110001110110011110011101100101010010111001010110101101101001000110000011101111010000001110011010100011011110000100000101000110111011101000111001101010001101111000010000010100011011101110100000010001110110011110011101100101010010111100011101100111100111011001010100101110010101101010011101111110
010100111010000001000111011001111001110110010101001011110001110110011110011101100100101001110100000010001110110011110011101100101010010111100011101100111100111011001010100101110010101101011011010010001100000111011110100000011100110101000110111100001000001010001101110111010000001000111011001111001110110010101001011110001110110011110011101100101010010111001010110101110011101101001000110000011
0101001110100000010001110110011110011101100101010010111100011101100111100111011001010100101110010101101011011010010001100000111011110100000011100110101000110111100001000001010001101110111010000001000111011001111001110110010101001011110001110110011110011101100101010010011001111001110110010101001011110001110110011110011101100101010010111001010110101110011101101001000110000011
0101001110100000010001110110011110011101100101010010111100011101100111100111011001010100101110010101101011011010010001100000111011110100000011100110101000110111100001000001010001101110111010000001000111011001111001110110010101001011110001110110011110011101100101110110011110011101100101010010111100011101100111100111011001010100101110010101101011011010010001100000111011110100000011100110101000110111100001000001010001101110111010000001000111011001111001110110010101001011110001110110011110011101100101010010111001010110101101011110011101100101010010
010100111010000001000111011001111001110110010101001011110001110110011110011101100101010010111001010110101101101001000110000011101111010000001110011010100011001010100101110010101101011011010010001100000111011110100000011100110101000110111100001000001010001101110111010000001000111011001111001110110010101001011110001110110011110011101100101010010111001010110101101011110011101100101010010
0101001110100000010001110110011110011101100101010010111100011101100101010010111100011101100111100111011001010100101110010101101011011010010001100000111011110100000011100110101000110111100001000001010001101110111010000001000111011001111001110110010101001011110001110110011110011101100101010010111001010110101110011000011011101010010001
01010011101000000100011101100111100111011001010100101111000111011001111001110110010101001011100101011010110110100100011000001110111101000000111001101010001101111000010000010100011011101110100000010001110110011110011101100101010010111100011101100111100111011001010100101110000010001110110011110011101100101010010111100011101100111100111011001010100101110010101101011011010010001100000111011110100000011100110101000110111100001000001010001101110111010000001000111011001111001110110010101001011110001110110011110011101100101010010111001010110101110011000011011101010010001
01010011101000000100011101100111100111011001010100101111000111011001111001110110010101001011100101011010110110100100011000001110111101000000111001101010001101111111100011101100111100111011001010100101110010101101011011010010001100000111011110100000011100110101000110111100001000001010001101110111010000001000111011001111001110110010101001011110001110110011110011101100101010010111001010110101110011101101001000110000011
01010011101000000100011101100111100111011001010100101111000111011001111001110110010101001011100101011010110110100100011000001110111101000000111001101010001101111000010000010100011011101110101100101010010111100011101100111100111011001010100101110010101101011011010010001100000111011110100000011100110101000110111100001000001010001101110111010000001000111011001111001110110010101001011110001110110011110011101100101010010111001010110101001110110101001110110011110
0101001110100000010001110110011110011101100101010010111100011101100111100111011001010100101110010101101011011010010001100000111011110100000011100101110010101101011011010010001100000111011110100000011100110101000110111100001000001010001101110111010000001000111011001111001110110010101001011110001110110011110011101100101010010111001010110101001110110101001110110011110
01010011101000000100011101100111100111011001010100101111000111011001111001110110010101001011100101011010110110100100011000001110111101000011100111011001010100101110010101101011011010010001100000111011110100000011100110101000110111100001000001010001101110111010000001000111011001111001110110010101001011110001110110011110011101100101010010111001010110101110011001101111010000001110
01010011101000000100011101100111100111011001010100101111000111011001111001110110010101001011100101011010110110100100011000001110111101000000111001101010001101111000010000010100011011101110100000010001110110011110011101100101010010111100011101100111111011110100000011100110101000110111100001000001010001101110111010000001000111011001111001110110010101001011110001110110011110011101100101010010111001010110101110011001101111010000001110
010100111010000001000111011001111001110110010101001011110001110110011110011101100101010010111001010110101101101001000110000011101111010000001110011010100011011110000100000101000110111011101000000111100111011001010100101110010101101011011010010001100000111011110100000011100110101000110111100001000001010001101110111010000001000111011001111001110110010101001011110001110110011110011101100101010010111001010110101110011001101111100010001100
01010011101000000100011101100111100111011001010100101111000111011001111001110110010101001011100101011010110110100100011000001110111101000000111001101010001101111000010000010100011011101110100000010001110110011110011101100101010010111100011101100111110110011110011101100101010010111100011101100111100111011001010100101110010101101011011010010001100000111011110100000011100110101000110111100001000001010001101110111010000001000111011001111001110110010101001011110001110110011110011101100101010010111001010110101110011001101111100010001100
010100111010000001000101110110011110011101100101010010111100011101100111100111011001010100101110010101101011011010010001100000111011110100000011100110101000110111100001000001010001101110111010000001000111011001111001110110010101001011110001110110011110011101100101010010111001010110101110011001100100011011110010
010100111010000001000111011001111001110110010101001011110001110110011110011101100101010010111001010110101101101001000110000011101111010000001110011010100011011110000100000101000110111011101000000100011101100111100111011001010100101111000111011001111001110110010101001011100101011010111001100111001010110101110011001110101001011100101