22000222200002002000011020201011120200000020001002002210001020000000011010002002002000020001000110000012020100102100210000020002001002000102100000000002200
00000000002200210000102002011010012002200100000222001000020010210022010100010000002002200220210000000220022001000001100000000221001010000012010202001000020
01000210200000220100012000000000001000200100010000010000200000201220011102000022022201202012100000020020022010020001200022121220000000200100100000001001000
12102020000002002200102010010000000001020000110000200012020220200100000000000000000000000000001220002121200010120211002001110000020101202022100002020002002
02200001020000012022002020000120101002010200012100000001020120200000100000022000002212000120110022000210001000200110102020000010020200122000010000000000000
00200021021202200020020200022201000020001200012020021201001011020120122000000020001000000010000100000100021000000001020200002102000000000001110200010200002
00000002002000000100002200002012001022020000001000011000002022111020001110000002000200102000000220010000002201002001120001100200000102022112202020000201000
21200022020002020200000200200000212000000100120210200000000100000100012000201000001100120102210002210112200001000222120000000000000000000001002000100002211
01010200002002010100220200200011202002200100000002011010201110000000111200012020000020200200020202000010220020202001000000020010000020000010100000001000220
00022000100000010100101010010202100000000000120220022020222200101002200020020000020000000010002000012211220101020012020000020021000102000002000000010000011
10000000011202120000001000002010110000122000020000012202200000220102220000200111220100100102000222010102000000000000100200100000000000000100220020020002102
01102010000220010020200002200020000000200200010020201101002000002000000200000001000020000002012010020211002002000000100001002002020110000122100012022001211
00000002020201020100010022010022212202000100020202200020022010112002001000021110002200000010000010000000000000000101110002200000001121202000020000200000001
10020001001000201000000000202000001000002022201000200102000100000002000020000022201020020002222200012110001020000010200010000110202020000010010022011002011
01000200002021210200201100220012000002202000002002010000000000120000000100000020000000000122200122011201002000002012012000000021000010020010110002022000110
00020001001020001202001010000201010020200000110010000022222200020100100100020000002020000011101000020220000020000010000010002020200010220021202012010000002
02000201210000221000220210011002010002012020001000000100020000110200000020000021000100000001100002012001021000202002100000020021000000000210002010002202220
00000020101001011220000000220220012000020000020000010012000000122122000200020020002210000021000000011002220020100002200001002100000201000010000201001201001
02000012011202212200001000010000010202022202000000210010000122102100010000000011002120200001001000200100000100020000210200012002000000000102000002000202200
00000010210000200200000100000001201000000020110002222021201211201200010010200000000020000010201000222100002011000110000220000020200002200002210000102000020
